4294967278,43
4294967279,526
4294967278,42
4294967278,41
4294967278,40
4294967278,39
4294967278,38
4294967278,37
4294967278,36
4294967278,35
4294967278,34
4294967278,33
4294967278,32
4294967278,31
4294967278,30
4294967278,29
4294967279,518
4294967279,174
4294967278,200
4294967278,28
4294967278,27
4294967278,26
4294967278,25
4294967278,24
4294967278,23
4294967278,22
4294967278,21
4294967279,214
4294967278,196
4294967278,20
4294967278,19
4294967278,18
4294967278,17
4294967278,16
4294967278,15
4294967278,14
4294967278,13
4294967278,12
4294967278,11
4294967279,193
4294967278,192
4294967279,192
4294967278,191
4294967279,191
4294967278,10
4294967278,9
4294967278,8
4294967278,7
4294967278,6
4294967278,5
4294967278,4
4294967279,132
4294967279,131
4294967279,130
4294967279,129
4294967279,128
4294967279,127
4294967279,126
4294967279,125
4294967279,124
4294967279,123
4294967279,122
4294967279,121
4294967279,120
4294967279,119
4294967279,84
4294967279,79
4294967279,375
4294967294,75
4294967294,18
4294967294,127
4294967294,126
4294967294,20
4294967294,13
4294967278,189
4294967278,188
4294967279,188
4294967279,77
4294967279,75
4294967279,73
4294967279,66
4294967279,65
4294967279,314
4294967279,64
4294967279,63
4294967279,59
4294967279,52
4294967279,49
4294967279,48
4294967279,41
4294967279,37
4294967279,34
4294967279,33
4294967279,32
4294967279,27
4294967279,25
4294967279,24
4294967279,20
4294967279,17
4294967279,15
4294967279,13
4294967279,12
4294967279,11
4294967279,10
4294967279,9
4294967279,186
4294967278,183
4294967278,181
4294967279,181
4294967279,180
4294967278,179
4294967279,179
4294967279,178
4294967278,177
4294967278,345
4294967279,176
4294967278,175
4294967278,172
4294967278,171
4294967278,170
4294967279,170
4294967278,169
4294967278,168
4294967279,168
4294967278,167
4294967279,165
4294967279,164
4294967278,163
4294967279,163
4294967278,162
4294967279,162
4294967278,161
4294967278,160
4294967279,160
4294967278,159
4294967279,159
4294967279,158
4294967278,157
4294967279,157
4294967278,155
4294967279,152
4294967279,151
4294967279,150
4294967279,149
4294967279,148
4294967279,147
4294967279,146
4294967279,317
4294967278,421
4294967279,144
4294967278,251
4294967278,370
4294967278,336
4294967278,352
4294967278,402
4294967278,321
4294967278,427
4294967278,279
4294967278,353
4294967278,349
4294967278,347
4294967278,275
4294967278,60
4294967278,59
4294967278,215
4294967278,54
4294967278,53
4294967278,415
4294967278,52
4294967278,50
4294967279,290
4294967279,83
4294967279,515
4294967279,319
4294967279,81
4294967279,338
4294967279,533
4294967279,78
4294967279,370
4294967279,72
4294967279,311
4294967279,285
4294967279,70
4294967279,307
4294967279,67
4294967279,376
4294967279,251
4294967279,56
4294967279,54
4294967279,53
4294967279,51
4294967279,354
4294967279,346
4294967279,42
4294967279,35
4294967279,328
4294967279,29
4294967279,26
4294967279,260
4294967279,327
4294967278,294
4294967294,161
4294967294,170
4294967294,1006
4294967279,138
4294967279,321
4294967279,272
4294967279,136
4294967279,135
4294967279,133
2907,6
4294967279,271
2907,5
2907,4
2907,3
2907,2
2907,1
4294967279,356
4294967279,18
4294967279,381
4294967278,273
4294967278,223
4294967279,16
4294967279,341
4294967279,265
4294967294,474
4294967279,264
4294967279,238
4294967279,263
4294967279,262
4294967279,258
4294967279,261
4294967279,257
4294967279,256
4294967279,372
4294967278,300
4294967278,390
4294967278,257
4294967278,341
4294967279,527
4294967278,362
4294967278,417
4294967279,524
4294967278,338
4294967278,337
2904,6
4294967278,361
2904,5
2904,4
4294967278,254
2904,3
2904,2
2904,1
4294967278,299
4294967278,381
4294967278,298
4294967279,248
4294967279,296
4294967278,412
4294967278,242
4294967278,240
4294967279,239
4294967278,236
4294967278,238
4294967278,237
4294967278,380
4294967278,234
4294967278,232
4294967279,231
4294967279,229
4294967278,228
4294967278,409
4294967278,364
4294967279,223
4294967278,363
4294967278,174
4294967279,221
4294967279,219
4294967279,217
4294967278,214
4294967279,517
4294967278,213
2901,6
2901,5
4294967278,212
2901,4
2901,3
2901,2
2901,1
4294967279,228
4294967278,211
4294967279,363
4294967279,547
4294967278,284
4294967278,207
4294967279,207
4294967278,206
4294967279,206
4294967278,205
4294967279,205
4294967278,203
4294967279,201
4294967279,203
4294967278,202
4294967279,202
4294967278,201
4294967278,198
4294967279,365
4294967278,197
4294967279,195
4294967278,194
4294967278,348
4294967278,351
4294967279,259
4294967279,538
4294967279,313
4294967279,189
4294967294,1417
4294967278,187
4294967278,186
2898,6
2898,5
4294967278,185
2898,4
4294967279,185
2898,3
2898,2
2898,1
4294967278,184
4294967294,396
4294967294,1415
4294967294,399
4294967294,148
4294967294,178
4294967294,398
4294967294,1008
4294967294,384
4294967294,169
4294967294,465
4294967294,466
4294967294,112
4294967278,342
4294967278,221
4294967279,289
4294967278,180
4294967294,1413
4294967294,197
4294967294,1000
4294967294,1009
4294967294,190
4294967294,173
4294967278,308
4294967279,513
4294967278,360
4294967294,1418
4294967279,512
4294967279,383
4294967279,161
2895,6
2895,5
2895,4
2895,3
2895,2
2895,1
4294967278,359
